0.21990817971711452
0.1318277818535982
0.09438998189372681
0.051445206520132486
0.13981522238455235
0.3519408689652212
0.166927345756012
0.16217025860978287
0.09029862403733074
0.15481725361581752
0.21409846043975742
0.2124825156956052
0.13329022325414439
0.33127216534406306
0.19445577801940864
0.09755506842906769
0.20311860749725186
0.2471841677912288
0.24236447809332104
0.18628856610881397
0.09805790033285343
0.11785402887124218
0.19437601425630768
0.0838168706780603
0.1038802772741567
0.1667229333706984
0.2525769461316979
0.2530565079010858
0.1469195235494214
0.2693114031429538
0.07509516832931906
0.26742807403242946
0.17913245439535186
0.12705303674950488
0.21012940893776158
0.19235638925614298
0.12514114838817367
0.25061673970894677
0.07263930443046716
0.1448613024207692
0.1975843183262523
0.12356649237394308
0.05980909839114723
0.05410281662101261
0.055936441603403414
0.17726212975804803
0.1073205461135317
0.1333354246012636
0.06438605706327795
0.13043396009955063
0.1346239247233999
0.12353491320367875
0.11912921317318481
0.10529969232930919
0.12106269504749785
0.19928990450215792
0.2195156666817105
0.2550985782038839
0.1364516503282754
0.4148353648808026
0.17978519542384178
0.19254850395993187
0.11283000209185716
0.2221112235673369
0.2557044711197937
0.23452917469113702
0.2298104421805355
0.15328461462809614
0.11051259352803651
0.21531713931845795
0.2166935428532428
0.15057835442908696
0.20793210144201849
0.07387358078946304
0.11817386807745998
0.21101137229312503
0.20702719686993865
0.10848538052994483
0.19721626758619779
0.3336557302421202
0.1305723903229412
0.08696733903197847
0.16981544801930518
0.11513249287364684
0.24411843066290992
0.21324892268061457
0.11356818811937491
0.13804499345216192
0.4762285857340595
0.1415622182739614
0.15730429077779448
0.1975253614064336
0.10447507247739753
0.05438430772965714
0.1606930242952469
0.13823338312591857
0.40238222108997396
0.1684011850442586
0.16960901436348305
0.13982195338056283
