14682.485078069809
28797.569359756097
30630.123616
53495.03952222222
22030.03095
3415.3104327099377
17562.833154613465
21063.152409411763
16830.598178077067
17444.011391129032
13061.54718803056
21332.383880669247
31314.1317781882
8729.262200520834
15879.599107142858
39385.620240885415
14344.064343434344
9525.852373737374
14328.746541822722
20986.359833971903
27732.129725
15503.494964599264
8072.082851637765
54551.79493883792
35384.438591666665
13311.223750737028
9773.924694835681
37024.34838231405
19454.821695418086
39796.81678321678
46991.755277777775
8838.46349713703
18272.006246605106
11582.464129181084
12043.090704845132
21551.537690058478
18507.90331838565
10725.778719211823
27618.178802476952
14020.519388134648
26817.97072962963
18475.757341423057
45396.20052238806
45558.51222997674
56172.152176
14832.80647774517
24186.06625
55180.75151315789
51967.802900302115
48112.17470004724
22232.53745949074
26310.63842966194
27303.639075035393
48223.62431122449
24715.706066666666
12502.24732885906
19548.55329752954
21698.87667372622
22187.26718013468
18989.396271379886
16771.804746240603
24288.947903525048
31301.73402234637
17718.81915276467
10413.667625762195
9589.88930232558
12834.115639671361
10191.56741803975
43866.47323242188
25918.199440201803
19615.431563169164
34010.1288059639
24368.071380208334
74158.00595348838
19346.317606170254
15491.920607553366
36282.10189334382
44918.170493630576
49383.97122860593
23323.970322926838
30500.82441792404
23115.38890328966
12419.343465658476
16793.84431678805
8758.993245125348
13388.388970371463
49159.80617218699
33701.45373291273
13902.15303656972
12102.76897716895
19478.989746732026
19212.739962311556
13055.071005963591
53459.969968
21742.637954711914
18933.1729159692
39404.966312586446
21425.006918965766
16036.51434741784
19954.082705530644
