16401.765740113322
24635.276920731707
35430.12394666667
89837.62907777778
43484.3156
6679.75471213788
17185.056059850373
15473.718414117648
6362.933471754583
15591.049818548387
10881.056472835315
12094.50312154314
18069.116526906266
3558.0874544270832
21608.71225
35385.23301432292
14226.626414141414
19729.17084175084
24603.792596754058
19651.788365261815
60410.8759
20879.352681959786
19221.158747591522
92074.92146788992
8408.861425
10098.984209168631
12190.338028169013
7420.3085199991865
13716.9043456763
16355.473116720677
58557.15944444444
5459.912527453133
29661.236632265074
18446.086629402893
23226.268876183392
18456.52846491228
34557.409768885824
18401.583448275862
25136.191009179758
16316.933265141653
16787.403955555557
7554.7592829564255
45903.27468283582
3444.15860513697
95197.657168
20551.03532342871
39458.69115234375
33133.617518274856
45705.75121450151
17668.04150212565
15323.398998842593
37867.277775354414
51169.80171779141
84056.11600765307
30090.034022222222
10236.170237136464
23397.51015037594
15665.18975460767
31753.632575757576
2398.3995607478137
31408.003265977444
17103.787128942487
46050.81986592179
10551.851393931638
5200.138084349594
21640.52348837209
17081.43953931925
5019.504555800917
23287.048470052083
13900.592736445627
7700.312434995411
6370.5942905306365
4899.850794270833
62214.37790697674
32289.66247698851
8711.073918992885
16554.76641116352
74703.0725955414
9390.707868291094
1515.022252400716
53495.229269641
6323.473931331888
12767.648878386894
10887.7728126255
3288.260036211699
3479.7351083431604
27587.331183932347
55349.88318975977
1402.0902052445397
9655.839808219178
45517.90081699346
5318.599166666667
8895.529190207157
91544.866928
25119.865432739258
21853.094827586207
12965.336500691563
32998.286075400836
11673.847674491393
7572.092361733931
