0.25891026053514604
0.17940597629949698
0.14171977375920217
0.040663840343430624
0.03865626645653882
0.26424572745622005
0.22944405749905064
0.22692848646464162
0.15400416356055419
0.06989714530788282
0.25557779194854724
0.2608900109311923
0.20833154408257407
0.4067726760283761
0.15887951719770887
0.14631310496797278
0.08358747750849467
0.12650477357121062
0.19300070883996492
0.1307570292767729
-0.0505668436948321
0.08904357105114123
0.17474764222708983
0.024316809091904774
0.10561070657474764
0.20332098418950387
0.1787001515934238
0.41137015276825223
0.206473394279995
0.30082736326634
0.12976524014300103
0.30268870805457354
0.15142641649623542
0.1367214500520975
0.1537468952150142
0.16564839493028694
0.10653216968194595
0.13978707299533333
0.1814556606987373
0.0967650037190576
0.24471233875242024
0.11510409722212589
0.11661762895655858
0.1665035736018773
0.01626661121739002
0.12605959427603855
0.03823004615924507
0.2012738462217223
0.09954251998670816
0.21435780863680634
0.1877637502879974
0.09957158217381061
0.05113417046666426
0.05621596747485543
0.13179952115824475
0.2484110245792428
0.23551962367841273
0.26553928091643453
0.13863613887131834
0.6041436115567281
0.11861657144120909
0.2894345358428146
0.09996146860409771
0.36271033706650996
0.3075784157667467
0.14336796970447033
0.2051742517121369
0.4588785000753511
0.2057982616174322
0.2265257615137526
0.300154290033519
0.3373152507429362
0.3379183580912475
0.13759722954859252
0.052478217540283846
0.32026226092716564
0.19477539145295672
0.05951775001499501
0.3423838069981127
0.6545102098361884
0.0818119363587639
0.14093769125249087
0.19315364913103997
0.23407270416966852
0.4069821066448451
0.3167274875053124
0.17505916538266883
0.09197704172672753
0.6028039447190349
0.14633417824533926
0.06832195981424145
0.2909626449150844
0.11685354895847509
0.007736224856812292
0.06840965028705939
0.08657966055199702
0.42168691418366205
0.11229990937139804
0.1992448586474251
0.13064480186404068
