3120.4037643632587
8178.0521158536585
13486.261690666666
5051.7473
7999.769675
3829.2383388338835
1320.7625810473814
3100.8073505882353
4430.662884399551
4988.5565725806455
3303.735271646859
1308.1753353152656
2755.475279042823
1845.736240234375
7763.043845238095
4275.373548177084
4279.684924242424
3797.2722222222224
4356.870561797753
11081.564521072796
7741.981825
12871.657932596998
6936.069595375722
6828.580443425077
4204.662625
4882.446591244104
5369.898231611894
1063.275619506836
2653.4077409075926
1740.5915344817784
5803.627299382716
2181.5473762648053
1663.1457360130364
6829.898420725756
11861.603604022373
14113.479020467836
11075.19399793032
5328.299146141215
18370.16697661536
9987.538559295766
1720.2525185185186
3514.3109873138446
4435.110335820896
685.6578645017329
11579.290368
3125.0184488872583
10874.943984375
1654.0911257309942
5374.676277945619
3027.696343882853
3405.2344444444443
5509.44106870229
19024.12619159981
2194.160714285714
16804.14508888889
2498.9851275167784
4087.770827067669
535.7867344616947
342.69759259259257
1490.962561085391
6119.879581766917
5059.137161410019
13643.721195530727
1522.730114681467
588.4720782520325
8188.860717054264
1880.9119278169014
4133.781397995584
2097.722373046875
5536.110605065828
1877.1243958397063
3776.429890689785
2704.647314453125
3016.2705374677003
7720.7252269409
3473.2145411421275
4892.677086609015
4332.3748726114645
7469.535326173759
745.0341008504232
2255.718636186264
2695.683641247997
4413.762684310019
6344.013109051242
2001.2897883008357
1675.0079193691038
7496.9480326521025
634.8992861764943
663.6642894053754
4031.662694063927
10726.183374183007
1041.381134840871
6990.864689265537
1551.342864
1186.0794982910156
12051.302711750921
5236.633681881051
2422.8263180702006
7491.580181533646
1432.282630792227
