924.4713599861593
2400.0446036585367
3934.7854666666667
2900.6657444444445
1073.762625
657.6164283094976
353.20375935162093
1383.5540894117646
1568.6054732510288
764.4268548387097
549.6103565365025
500.11214048672565
764.4853050829959
886.4139811197916
1715.8793809523809
1237.13134765625
625.3451262626263
759.6710942760943
919.6432334581773
3972.841085568327
1175.956475
3332.346111583121
1001.5124277456647
1371.6678593272172
1491.2162083333333
1671.2786151238208
1302.7457746478874
681.1739438374838
893.3875782881003
752.0977571209279
1490.1628317901234
698.7438671660523
352.52475828354153
1823.4123946411144
2363.703140736609
3479.9420175438595
2149.1225250086236
545.9442036124794
5194.608895857239
2695.694315293534
648.1923740740741
838.6961500275786
1434.8254539800996
291.52365759863267
2618.19392
629.6611182440695
1571.5696875
687.6498355263158
1587.7994501510575
1505.1220051960322
1098.351255787037
1164.2166630316249
4088.2602925908445
374.0886607142857
3124.127011111111
495.19918568232663
834.1432653061224
201.81407417779567
84.25049663299663
1117.464541337127
805.7316729323309
2581.70487012987
3814.748290502793
546.7639113257945
175.74567454268293
1525.4945736434108
151.29357394366198
2406.7532053677596
886.2149967447916
2455.9127475033692
888.407210156011
2356.138574779076
1803.7302311197916
942.9515348837209
1606.6734907636642
1382.0127485860244
2330.401447851153
688.0770222929937
4740.138869013013
490.3754145304362
396.8895031217482
1951.5823828824582
1533.8623881537492
2967.088442001064
773.194417827298
792.9570570459906
2483.1758192389007
97.46722073930276
347.82189195282587
1057.4959269406393
891.8013071895425
396.78204773869345
2162.4499607658504
218.82696
153.42681884765625
3202.7706394375627
2383.3200497925313
431.18894987722086
2999.3313427230046
250.29397608370704
