0.6079521015599513
0.7180069227336939
0.5091870101987311
0.9203385510271258
0.7646850384502883
0.7704729097896997
0.7450207982204239
0.6575221288670782
0.28821400077668996
0.78143586286324
0.8434727054369194
0.7392703501577825
0.5872963273335994
0.8401329882547831
0.6875390403010524
0.7245428967486616
0.7859201747708512
0.7740335382930011
0.8064404165295854
0.5124519790261731
0.8028654663872237
0.33431007153003933
0.7130460924491567
0.8289561861423871
0.8271638665511678
0.43294624873044935
0.6669990825971768
0.6695013674976998
0.718971773611011
0.770148049974456
0.7885069985520984
0.6966809180547596
0.8206540500364629
0.23110087703671542
0.6292474120854937
0.6718747095826223
0.6098853983081894
0.7977528781894699
0.5633991489776405
0.4455785914167259
0.6688419550179021
0.7973553075969951
0.5671583986042751
0.9169272378715713
0.7606281803900427
0.8582316294763142
0.7429868161051871
0.8208784237913496
0.7920489745879773
0.5688420178579873
0.6686061442170456
0.6724648374492043
0.6335381414014072
0.9120307843903488
0.5507437654569656
0.7472694971191975
0.78644551466623
0.8760262750456218
0.9076666991345469
0.7196445729055116
0.8541856445822557
0.7308111319882644
0.6074424186991098
0.8056698147554294
0.8046718308570963
0.7030924365206067
0.9536274720142356
0.26157107838758625
0.7595929768513999
0.6436573122470224
0.6624683646521092
0.5563524098681124
0.750967807034856
0.8560349612472263
0.7905151191427192
0.8112013871002092
0.7492300524023955
0.8024317608594668
0.7483434077114555
0.8606404712032107
0.9345305013702362
0.8803013495548005
0.6093220730786525
0.29170068371432223
0.49419255355737973
0.6986765134277051
0.5285228939108958
0.9058900428880046
0.690127083789728
0.6876339232595631
0.8917430827947795
0.6802702455968804
0.4757815486475689
0.9526716997012358
0.8519409876549312
0.510125855282749
0.74958116992519
0.7809059316461756
0.5570229626623673
0.8503147757425992
