0.5672323438379113
0.6161594393321782
0.4477137922533234
0.8959265192409994
0.5462182254996661
0.6015469417422534
0.7074307258272045
0.625501199590614
0.24765854611087312
0.5810207841160163
0.6834526504803629
0.7175614407310554
0.5423988077203181
0.83236194495338
0.5019437551233236
0.6517569348545411
0.5358192664487871
0.5886925411355516
0.6709641357045166
0.3095896488516558
0.6369209039683753
0.18101613273599448
0.482580700036991
0.6549355633139936
0.7792114509256635
0.3922498092074537
0.49691475465044127
0.7521027889295868
0.630622506643094
0.7498759319346772
0.722289415708751
0.6652478821915832
0.7198728781032456
0.19902103290359055
0.3629007447684334
0.5279050921690259
0.4176964294736909
0.48761680518989164
0.532303422571344
0.23035674606047393
0.6611702696939705
0.675062011995661
0.5244231502612595
0.8784990174026767
0.6994600386622167
0.7547299563600532
0.4936962933621117
0.8152170052903407
0.690172330594094
0.5545415227467615
0.5952696774823484
0.4938662759056129
0.3921759391828803
0.8589713121453748
0.259942718571746
0.6518749437847325
0.6623361578855055
0.8615461685365046
0.885238591344434
0.773370671842834
0.6067719107655954
0.6842207277321201
0.4575490220805527
0.7716488485017874
0.7958063327335214
0.5519320146723218
0.8106857548596236
0.5156215629743112
0.7396209126214791
0.6186501262859064
0.6753522871842045
0.5922440052308248
0.7567604516842822
0.793658983939424
0.6366720579998398
0.7605776510728125
0.7374621797493578
0.640336680712419
0.7768579939550899
0.8762731514518283
0.8776086990936568
0.8041518626888146
0.5083387716910143
0.34864775489220845
0.5634162272190547
0.6725151254492875
0.5444836284994014
0.8226583804216873
0.7008137775947363
0.48268051264520434
0.5738582939392466
0.6445193911404205
0.39394454938950146
0.9016787561018184
0.7058727427711003
0.2766467483192388
0.7608181935381856
0.6517433067405157
0.4743224409372815
0.6673889314216184
